524
3302
436
1713
2563
1658
2630
3935
2642
3521
3453
3634
2505
920
1201
3875
2782
851
2586
579
965
1294
1448
3438
789
1150
3724
1568
1951
2120
2027
151
377
2880
2265
1035
1160
23
2012
3335
2567
1050
2579
3809
3300
2795
899
647
1068
3448
370
3745
959
1083
1629
1532
525
481
1865
1578
3392
567
1960
1857
2102
1455
1804
76
1560
1367
1036
1910
3319
2324
1472
1973
432
3450
1450
1677
736
160
3272
2438
1905
242
1900
2352
1694
255
873
3449
69
357
1202
1166
3046
3299
1702
439
94
3964
2412
3310
2176
1861
1253
176
3517
3379
409
562
3279
3268
2788
1139
3510
3986
38
998
3180
3830
1700
862
305
1916
2574
1548
801
2938
1028
3627
875
1619
561
2037
2342
199
1289
35
2431
730
674
1944
3961
2895
1206
1378
3623
2291
3360
3334
1738
3342
1652
3818
457
1605
1285
3949
501
3886
1256
2056
3350
2576
1781
580
84
2661
154
2355
1885
3803
1188
3415
3953
3506
2685
3409
884
1335
1814
1338
3375
2876
2632
680
2914
1039
3567
2156
1121
2310
2588
1962
3004
1163
2860
3632
2104
987
152
1383
404
1557
2928
235
283
428
80
924
2209
2424
827
26
713
1715
1315
651
1147
3208
2888
706
3969
178
3217
1625
3856
2232
1706
859
3470
1818
2193
3416
2295
3708
1299
2224
3846
672
663
2633
588
42
792
3922
1512
3996
2852
1
1211
2995
2442
922
2976
1078
1843
1815
257
1048
3247
679
1946
2135
461
3160
301
2879
1505
3212
1190
621
1766
1662
3057
153
989
293
1894
2986
442
956
1667
1339
1823
929
366
760
79
2907
3836
2034
1648
2657
397
3095
850
1372
346
774
3336
1444
2807
258
991
248
2381
1522
1017
682
2776
898
3110
934
852
559
817
3193
1617
919
641
2326
2540
219
2756
2390
1310
3698
350
826
1734
2022
325
1649
1037
2536
584
1159
2695
86
2125
2216
454
531
3980
3403
1053
671
1996
1089
1674
339
1969
2617
3829
815
1800
1876
1880
3253
1451
1460
2794
2748
2319
860
3735
3889
3611
1051
2469
2758
482
2000
3831
1123
1954
3589
3877
279
2082
1841
422
2975
1152
3609
202
3979
2593
3670
425
637
3099
59
1288
1840
241
2665
2677
635
43
3959
2328
438
693
1792
1603
1401
256
2267
2460
2391
2610
2769
3239
941
1825
1832
1482
73
1783
3003
751
3630
3946
616
122
2026
1919
1410
1628
2854
1930
976
2601
3671
517
3204
3966
262
2459
1462
7
2853
3048
2124
1043
790
3965
1670
2997
51
2277
2764
3355
2206
3337
405
1183
3056
1587
3391
3354
2952
572
2070
709
2837
2913
2357
3485
1398
925
1241
1723
254
3585
1094
2527
1381
2891
1760
3464
2703
735
2160
2565
3198
820
3693
2457
1403
2048
1632
1740
833
1729
3923
3172
2745
1917
908
753
2271
1935
210
2128
3668
1830
1018
1358
3351
2299
3225
1663
1153
342
2922
3034
597
2143
3793
2108
2702
243
836
3973
135
3785
2671
2218
2735
841
2030
744
832
864
97
1470
2752
2087
1643
2308
320
1637
2359
3130
2385
474
2829
3556
48
3872
3815
150
3835
473
2817
2890
1456
927
2791
295
187
313
323
268
1457
2772
910
1387
2533
1527
2003
2382
494
2383
1469
1866
2819
985
1293
1080
3847
2168
3680
2688
1495
520
1331
2208
486
1143
1055
2
935
1883
3396
3363
1500
1986
2356
174
3774
491
1009
1976
3943
1194
2147
3054
149
221
2959
1491
162
435
1834
1101
1231
2622
1546
3353
1583
1200
581
3677
3987
1008
2799
3289
2596
3749
120
1863
3701
3331
1399
2493
3778
1240
3252
3796
2122
3493
2965
3546
515
1148
1716
3522
93
2455
3063
3281
41
3740
2855
408
1164
1613
2831
3069
2538
2050
127
1786
3490
2036
3615
1309
3798
3696
2240
2966
1675
1596
1269
1874
57
2366
610
3825
225
3377
3572
2052
1736
3504
3175
3797
988
125
3236
1838
611
2517
3533
726
1964
2470
1118
889
3366
2481
3181
2314
915
3901
67
1026
2625
1504
571
2931
3433
3716
161
1528
3689
341
3151
2587
1785
1688
32
2915
2133
29
1120
2742
372
2215
1027
337
1645
3732
1949
1376
624
3660
53
2401
1508
3587
3382
594
668
1517
1010
1395
3108
1507
141
1939
3552
229
392
907
3514
374
1525
2103
3542
2028
3008
3111
238
3895
2237
2743
3892
2434
848
3685
664
1085
2551
3285
3183
994
2169
2816
3107
993
2911
2934
2234
2634
3578
3806
3315
2221
3234
3819
2693
3597
15
786
2921
3722
3560
1991
3158
791
2407
614
1438
3191
2877
3427
3381
687
2731
877
118
3992
2664
2592
1351
18
1122
2144
3373
1589
788
718
1811
3853
901
3040
1927
1073
3
2369
3655
1975
1925
70
3893
164
1391
3170
1433
1868
2129
2285
2862
1797
2394
2421
962
793
455
1228
3804
2109
2629
3016
3462
2134
2580
516
1771
3410
3497
3489
1257
2953
2350
2360
550
3913
1742
296
3595
1988
1274
3096
3791
661
111
1618
1442
3050
3772
2428
3644
738
3320
1534
3636
2734
1218
444
399
1928
2803
669
1466
3194
147
2006
1717
302
1463
1907
1646
1439
2522
1997
3547
3168
3874
765
3938
3548
3104
2343
957
1581
2898
2667
741
3105
2110
575
130
449
586
795
555
1570
3368
2139
595
1297
3146
1368
1404
1325
707
2496
3474
287
1878
181
2639
189
2266
1793
3727
2524
2426
2600
3972
3985
2387
1478
1420
3083
3683
2420
3571
3154
1537
2554
298
3278
2910
3591
2406
1110
3250
1454
971
1254
761
2202
2175
2729
2137
2331
2098
2960
1763
2297
121
3861
942
1021
3269
2479
1087
1015
1136
3503
2930
1304
2875
2919
2386
95
3888
673
2062
3950
3088
2222
3719
3932
1052
1328
3805
2306
140
2804
1138
60
2881
3482
3568
2072
2278
1024
1247
2374
2790
1893
2844
3997
304
3652
2983
1227
106
1598
1777
1711
2939
3802
3295
3476
1496
800
3790
879
1392
2836
2269
1937
1287
87
453
1208
1593
2155
3023
58
1833
1317
623
3711
2397
2322
3113
1165
1230
413
612
3042
1798
514
3582
1631
2815
750
3140
2529
2944
3649
1244
102
2186
2404
504
2901
3165
2766
727
628
260
653
64
3868
3767
1014
2235
273
1748
2173
2467
508
2146
2180
3374
1102
3717
2290
237
2962
2159
1714
770
2905
3026
3665
2572
1350
1093
179
1582
3442
3787
1682
1848
2031
2781
2330
244
3214
3400
1210
1614
1003
3588
3553
3491
1393
1953
932
2605
698
3574
3721
3752
195
1357
845
3878
144
914
1086
239
2757
407
3977
39
2954
3397
2569
1263
983
3502
2532
2812
1699
552
854
1669
361
3187
3672
895
1312
529
193
865
2304
768
3822
1722
2335
3884
2061
568
3060
689
3333
395
285
538
2013
3505
2115
1794
812
2715
3321
1012
3781
1119
2602
1298
2238
3705
2830
3200
3764
678
1616
513
1565
1990
1552
2194
3006
1719
1158
763
3941
2559
1624
1594
1135
17
232
523
946
3143
1349
1125
2544
762
1242
749
1060
1644
659
3817
2652
2548
419
2408
3508
778
3024
831
338
2687
2909
2338
667
2573
1426
1787
2809
483
3736
2347
2857
782
2892
159
1264
2871
3833
1704
1789
3694
1547
3436
2396
2002
3068
3101
2523
1286
2178
1695
451
1011
1985
1676
2897
270
371
3348
1849
3534
3106
3650
1157
2217
163
2899
1480
970
1212
2692
1040
1572
3954
3009
665
1479
1635
759
2591
1380
2474
2631
2945
1961
1827
2398
292
3529
1251
1584
2556
798
824
544
2435
2399
2311
3931
3813
2113
2883
3820
1511
2912
1659
2177
1974
746
3314
1808
1661
1564
2828
2802
835
2516
167
967
155
2710
666
2996
1708
411
1666
3981
772
2826
3990
3537
536
2029
1657
3554
1414
2942
13
3765
2706
1197
2712
1703
3928
2480
881
3437
62
1501
1170
537
1137
3286
8
1920
165
961
1283
825
806
553
796
3905
3324
96
1921
37
1902
2100
3417
1957
2991
418
1896
2979
2204
2320
660
3540
3115
2116
2662
1379
2620
2564
729
2270
1090
1475
1772
3460
2200
263
1869
2378
3186
3637
2789
3739
3642
272
3688
307
1323
2174
1141
576
458
2801
3325
2920
964
3177
14
3005
2264
2669
3854
3524
1449
3955
2987
2274
2656
212
3999
3500
462
3423
1265
3760
3706
3511
289
2545
3480
1025
1737
1701
2425
3538
3783
3738
1913
3535
737
21
714
3528
1452
3679
756
549
1926
3116
2542
551
381
2230
1476
3896
2832
1193
136
348
2367
1369
2956
866
2839
198
2486
936
1437
2697
3010
46
632
2733
2739
734
2351
1061
1280
1518
3473
1655
240
2835
1127
703
3182
1922
1995
1947
1275
3713
1464
3206
3229
2822
954
2936
3700
530
3743
2649
1817
2738
113
105
590
1346
2063
2289
781
2741
1881
3055
3795
1266
2767
755
1730
3291
2971
468
1097
3203
683
1413
3380
2130
3530
1513
3419
1683
1124
1931
2908
2207
398
3424
2646
3662
2439
233
2323
276
3007
2377
2376
2097
2483
2430
1756
3318
2694
1098
1692
3425
2948
861
3385
1924
3441
3929
1536
1899
3264
3842
3439
704
206
2239
1492
2094
966
2686
1175
819
1799
995
2064
773
90
3125
3059
2060
2525
2498
251
2982
1172
3643
3748
2021
1084
1950
3049
2760
3881
556
2011
3525
2451
3256
412
2105
885
3579
948
156
784
2834
110
358
2903
2345
2873
1545
1533
3734
196
194
1668
437
2786
1932
617
978
2091
721
2502
3216
2958
2902
355
3323
2674
99
1002
573
134
540
2989
1333
2940
1551
173
605
2856
1744
1770
2654
528
3957
3412
1116
1891
2001
758
2472
1514
2281
2158
2701
2250
2578
3346
250
3607
3164
3389
3887
2025
2885
3284
430
1336
3092
3102
1886
3908
1095
3195
1226
2126
2679
3173
701
3121
2568
353
2307
1938
2228
230
2689
802
2896
423
1660
640
3196
1753
1154
2618
213
2624
867
1066
803
61
1112
2740
2660
570
265
169
1237
2866
1774
1665
3317
1131
1489
1569
3559
2411
2988
3656
842
2571
1577
2164
3428
326
2805
3728
340
465
126
3845
3466
3413
2863
1680
3807
1389
3695
1311
3454
1173
1327
3431
3201
2808
3907
2820
868
2084
294
3914
3261
1685
3161
2019
3262
2170
3839
3857
1529
3763
1234
1515
1400
905
2608
2199
2850
1049
578
2590
506
3723
880
3639
2309
3228
2806
1407
2262
3145
1248
2978
2737
2627
2967
622
1906
2114
657
384
2900
2085
2409
876
3084
3254
1819
847
3127
1371
583
1542
91
3184
1839
351
3750
3263
2974
3832
2071
2668
1853
12
83
1681
1382
1831
3939
3714
2245
2681
2655
1829
345
602
558
2609
1585
677
1948
813
2615
2077
2700
309
3994
3626
2547
3067
2365
1082
2049
139
1292
1302
502
3531
367
2941
3555
2626
3136
3087
740
2229
1155
3014
2882
1591
1559
3178
157
3991
3557
1146
1114
1726
3322
3771
2364
1330
3043
779
311
510
2482
1486
2075
2549
1597
3343
288
3064
977
1650
1607
1340
1007
2511
2038
2449
3687
267
3897
3029
890
705
2363
1278
3205
49
3358
3223
3221
410
975
3471
456
2643
3618
3129
3138
2785
950
2616
1458
3298
639
702
2521
3422
2561
1884
1196
3270
1639
3027
3280
3622
1538
2541
1396
2423
1558
874
3769
65
214
2301
3304
3726
3308
2141
838
328
228
3925
3983
322
526
223
3945
2732
2444
2220
2191
1989
650
299
208
926
1425
1871
460
1128
3030
4
3276
2893
3753
933
3469
858
634
1204
3296
1195
1743
92
3445
2259
2763
1697
3002
794
2969
565
2550
24
36
1720
2539
2413
109
3948
3037
2081
2246
3458
1604
1077
2340
1875
3457
3211
3260
2079
2951
3275
1225
2055
2437
3741
752
1245
3866
3870
2167
607
3209
200
281
3564
913
3906
3709
542
2582
3625
3434
1418
3971
1494
2131
2123
1805
1453
3614
1867
2603
3616
2984
3162
1952
712
3367
385
3775
1812
3468
2361
1229
2864
3241
3619
2589
2793
108
2647
2770
3235
1972
1998
2558
1750
3243
3021
1471
3126
2436
3018
390
306
990
870
638
2762
3569
969
904
1490
1209
464
205
3762
658
1006
2315
1038
2172
3974
321
1016
3058
591
1483
3093
3516
1735
1621
3676
2684
2774
1022
840
3405
3091
3139
3114
1992
2375
1296
363
2405
3876
2488
1390
608
56
776
3155
3869
2171
3673
2728
1788
1111
3606
3566
2348
2008
1773
930
1516
400
1530
3000
3032
2963
368
1778
349
3940
2504
2810
3274
1642
1754
3612
2682
3577
3245
3035
2231
247
771
3581
316
2813
3486
103
3179
3754
2721
3011
2403
3659
878
2683
334
1654
863
937
511
2165
2223
466
168
2858
1984
3429
566
1679
3947
1281
2242
554
2389
1177
1555
3789
844
1459
1029
3811
769
892
3770
2020
2392
2422
2562
2441
2491
3731
114
896
3383
3089
2999
249
3993
2256
3479
2005
1277
3215
797
1113
500
3640
1936
3487
1963
1686
30
190
1977
3570
2859
3455
1601
1779
1600
1897
1267
3645
490
2717
1259
902
414
3249
380
2344
1846
1762
2492
1427
3551
903
1144
3786
2846
3532
3044
403
3344
1074
211
424
387
3001
2980
2068
1684
3045
1365
3340
2454
938
3667
1320
2041
585
939
1826
656
2283
620
2985
1553
201
1859
1305
949
1993
3921
3384
2716
2827
534
3176
2746
1488
724
2535
1856
1784
3690
175
785
894
284
3169
3394
2183
2312
2196
2212
315
3328
3499
2300
3074
2651
1255
382
2749
1187
3440
1184
2099
822
3357
3475
2619
3135
1341
3070
2841
1140
81
2043
3365
2730
775
807
2069
3720
1151
2849
2205
2726
3816
619
3120
716
488
883
2994
1104
2433
3402
479
3307
3824
3507
3513
3920
1664
1306
3937
266
3258
499
475
2512
893
1355
2280
362
277
1987
1641
52
872
897
2929
2768
1019
1224
2814
3174
2736
354
2248
2471
601
1319
754
3190
2611
3894
440
2093
1092
960
541
3834
3596
636
1168
2092
3550
2507
952
1526
834
1842
3747
72
3902
963
3028
2705
3094
2566
3141
3984
2272
2465
2088
1445
3520
3282
2925
3134
2723
2711
3684
748
2014
886
3407
3575
2443
3418
75
431
1588
688
1416
522
3758
3968
2497
401
626
2904
3287
603
627
1178
3132
1940
2570
3338
224
1081
3561
1133
3283
2273
209
3956
3995
1145
1590
1215
71
3293
3849
148
2676
1424
2833
3472
3020
40
19
3399
138
1945
3744
1005
3041
1108
2704
3864
1571
3629
3100
1316
3898
1550
2058
1741
3496
89
1497
2926
1888
471
3248
1890
2452
3599
3123
1901
3330
2189
3227
1978
1079
1236
2337
3051
1249
2777
2508
3077
2698
3702
1429
2040
312
518
596
2503
1042
1966
447
2645
1870
3792
3827
2718
3725
3641
3477
2583
3411
780
2823
2033
1647
2753
2865
563
1103
1671
3773
433
3432
809
1100
2628
3746
2722
1169
3782
1353
146
557
3910
839
1308
331
1509
393
133
1199
2076
2145
853
2138
3039
1693
2867
3488
1071
2458
3271
2333
2518
2918
1406
2095
275
1653
378
1246
3467
3927
767
497
3131
3156
356
271
2597
2947
3459
3244
1955
2448
3082
3697
3855
2520
974
227
158
3167
1262
3759
3124
1612
3978
1359
1599
3598
1498
979
2197
3199
2414
3918
1549
3447
3197
725
343
2053
928
3934
2658
1373
1329
3362
324
943
1384
3653
1858
1574
1064
1106
319
2787
2477
427
1627
686
2761
2887
3119
495
2400
2514
3218
417
3242
3916
2937
2968
1126
3386
2484
478
3219
2878
3576
1185
3387
1908
1698
1356
2751
2889
34
2755
3301
1397
3638
2584
421
4000
3594
1186
1636
2955
2546
1967
2509
50
2119
448
2699
2621
2851
3230
691
236
1999
692
1402
805
3621
996
2453
3303
3465
909
142
2475
1162
1912
3583
1915
3912
3600
1710
3558
2840
3452
1222
3675
3390
3975
2298
469
2450
2935
519
74
2268
695
394
1803
115
3543
882
1851
3159
1580
1347
112
2313
3646
2185
1334
1544
3066
3863
3519
1318
476
1850
1070
3118
2473
1696
3406
1898
828
3635
2861
2210
947
2187
183
1892
445
441
2599
3376
1314
2132
745
1727
472
2577
1731
2118
982
1423
123
2534
1556
3799
3492
2284
2198
3620
2192
2325
9
606
3339
3133
1046
609
1709
1303
1499
1091
757
777
507
1362
1887
1300
85
290
1775
3213
2894
1069
2257
386
1573
2585
2884
217
1903
2047
2557
2970
2241
2489
3515
116
3602
887
2886
1271
1326
1575
3053
3852
857
1958
3117
3691
2838
2720
2594
3478
3742
1563
643
420
1561
10
655
2288
3484
1904
1981
359
3312
3858
1345
533
3823
642
1044
2513
814
369
3444
545
1220
2714
364
11
696
3461
1543
2127
1004
132
1099
3862
629
1562
314
733
3988
3663
1855
280
3592
1409
2219
222
2236
3144
2293
3061
63
923
539
2162
1219
3718
1689
2641
3265
2083
2017
764
1181
1364
329
2440
2332
1301
365
2494
1235
2247
2666
1363
1374
1810
204
3930
3038
318
3814
2528
1189
2464
2039
984
2046
2106
2526
1852
1521
2101
3608
3207
3603
3917
997
2188
1724
731
493
849
3518
2946
1375
2906
1634
1860
3527
2179
3865
2372
532
2078
1443
2456
2253
184
2973
3593
1252
2393
2606
246
1468
1767
3080
3617
2016
2943
547
3420
3463
3703
1217
1214
3297
2195
2045
3960
1174
630
2964
509
245
3395
2992
2136
1313
3157
1013
1321
2487
1540
3148
3078
1065
2461
480
1595
2825
843
1344
1656
391
310
3837
3584
352
3329
2845
3073
2638
722
291
618
697
1105
3586
1243
3859
1109
2341
2648
3911
3210
3549
1746
1813
171
2258
278
2279
2981
3523
373
2148
2153
2161
2321
3885
1032
2149
3013
3526
3926
2035
2380
485
1324
711
1854
1361
3704
2990
2798
3715
2059
1142
2870
1417
330
2640
2211
2765
2874
662
2368
172
286
694
2373
2214
300
1115
2416
186
918
1282
45
1687
670
742
1295
1873
3246
2916
234
3867
332
3456
1213
2362
3435
3361
1072
107
426
2784
1541
3808
1474
917
2595
1877
2824
1076
2650
3326
1739
344
1821
2977
1983
2418
2074
649
1638
2635
3327
3047
1836
3311
1622
450
1802
921
3341
829
1933
128
3062
2924
564
2226
3232
1761
604
1461
1370
2744
600
503
3661
1307
577
1484
968
1273
2872
3788
1279
192
1847
3664
2032
1623
416
1615
1088
821
2478
1000
1057
2500
1447
3541
3332
3370
1918
297
415
1408
1807
2150
3890
3347
2181
2510
3666
3730
3604
2462
1506
1606
3982
1473
2673
2670
3821
1608
3563
548
1690
837
1422
2140
3729
3421
22
2163
1747
3015
593
335
1796
1191
3378
3025
2111
3776
944
1034
274
3777
699
2225
3751
1941
3648
3712
3109
931
1782
2201
2780
2349
3970
3733
1968
3942
1519
252
1419
3933
3545
1360
3936
2057
1971
589
3647
3873
1879
1291
747
3277
207
1205
3098
3919
3371
582
2485
3651
3012
1117
1493
197
3052
3882
3657
1755
3494
2675
2402
2244
3251
856
3944
3737
743
1386
900
3103
218
203
3147
2327
2707
1268
3562
1780
613
1096
1366
1232
2719
3081
2004
2254
3757
1745
2653
2933
1446
3414
3316
1180
3404
347
3903
2334
1107
3090
3669
3085
2530
1816
2515
3989
3900
1238
191
1063
3238
66
535
1576
452
3686
3255
282
1776
1261
101
1075
124
684
2506
2261
799
1979
383
3072
2080
574
2531
1020
78
2249
3240
3231
3393
2644
3573
489
3306
3536
1182
3605
1156
1728
1421
3883
1388
1809
1149
1749
1179
3610
1765
1001
264
3544
940
1272
2415
3624
1554
1432
1431
3658
2848
2818
728
2227
1435
3483
2796
1764
3963
1385
3128
2066
498
2961
3498
955
1332
1795
3233
2263
1806
2107
216
2339
3794
2252
3451
1337
2917
3430
308
3192
3761
3512
3266
2410
3163
1467
182
3674
1258
1411
1539
2305
2598
2395
1221
1732
68
2233
951
1352
676
28
1707
3755
846
1820
1394
1412
3838
1041
1640
1751
2427
1586
999
1678
690
3273
2024
3958
3364
3580
2499
1276
3065
720
3844
2690
3372
2623
88
2759
1959
631
869
1531
1056
145
818
1651
804
2680
5
1485
3501
3841
1620
3848
2042
2054
2336
3481
2691
1487
44
1045
823
1192
1980
137
599
2296
3952
1872
3879
2184
512
2346
2243
1134
2445
3031
484
2708
2868
3185
3826
2972
2466
3359
2811
1768
1348
2154
2950
3710
2353
55
2678
3678
2051
2614
185
2998
592
766
732
2490
810
2317
2388
2800
3780
2501
816
317
2543
783
2727
1203
2842
2923
2637
20
434
3237
986
645
3222
402
700
3891
1270
2447
3654
1510
1914
527
2560
787
3202
54
1923
177
3166
2318
992
945
912
3349
2779
2555
3784
1672
360
2007
1895
1030
2015
1503
2783
1970
3292
1520
2112
3699
3909
1284
2847
871
3290
2090
644
2203
1712
117
980
16
119
2636
2419
2771
477
1791
715
327
2432
459
587
1130
2282
830
1428
3075
646
180
1436
3305
1673
3779
1864
710
1477
487
3539
2294
1322
3915
3590
1290
3352
3189
2044
3267
981
443
2152
2009
170
3446
3756
615
569
3313
2073
2725
1626
3142
2096
888
1535
3071
1602
261
492
1721
1167
2303
1161
389
388
1705
1611
1502
3426
2358
973
463
3076
891
1524
560
543
3967
1844
1845
1343
906
3924
3443
3294
3880
2773
2065
1260
1942
1769
1354
3153
226
1691
188
31
3345
3707
143
911
3288
1566
3681
3904
2754
1911
2778
2750
3565
3398
1633
1129
2575
3224
3828
3768
739
2843
3226
1909
3019
1835
972
1934
3408
916
1882
3692
303
3079
3097
2659
47
3149
2821
82
2379
2287
269
27
375
220
3998
2329
25
3976
1415
2417
808
2604
633
3810
3033
1567
1233
1994
3682
3871
652
2371
3017
811
470
3633
1718
708
98
1031
131
2292
3601
2607
3401
2476
1054
2552
1441
1223
1929
1250
2275
129
259
3899
2519
1058
717
2182
253
446
336
406
3259
2949
953
723
2713
3022
3631
379
376
3086
1790
1481
1837
2724
231
2117
215
2157
2993
2663
6
3509
1956
104
719
3152
3137
3388
2495
3766
855
1023
3112
2709
467
654
1889
3495
2957
2276
3150
166
2260
2792
3369
1216
625
675
2213
1965
1822
1725
2010
685
3801
3171
429
3812
2121
333
3257
1592
1440
1405
3220
2869
2166
1434
2354
2142
1752
2370
2302
2316
3800
505
1579
2067
1239
1759
958
1176
681
3850
2429
521
2696
3628
2384
2023
1610
2797
1465
2581
1033
598
3962
3188
1824
3122
2251
2089
3613
2553
2613
2468
2932
1198
546
396
496
2151
1943
2018
648
1377
1733
1047
3840
2927
2086
1758
1523
2672
1982
3356
1342
1062
100
3036
3309
3860
1059
2255
1132
3951
33
3851
1630
2446
1609
1757
2463
2190
2612
1067
1171
2775
2286
1430
2537
77
1207
1828
2747
1862
3843
1801
