1703
1138
1228
1838
923
877
1745
131
6
1269
43
1483
1645
637
1746
431
1573
1045
1852
1593
1977
1827
1431
63
258
1198
1584
1264
1879
981
463
21
205
352
357
391
1450
488
1323
1764
831
278
706
1902
1731
390
1616
552
57
1706
1671
64
640
759
1105
1886
1315
253
197
439
320
103
791
1801
1058
1059
1258
1698
486
514
384
421
1710
1350
281
687
686
241
466
1284
1440
1626
1536
883
1043
1379
1252
1723
1857
1362
48
1208
432
776
1750
964
973
69
920
1601
1308
621
864
1181
1306
232
986
15
719
18
1990
1760
1554
1585
1242
302
968
1511
1442
1139
16
1353
893
1144
1867
423
818
985
1884
1261
651
1423
1285
1427
1858
1507
933
773
321
1649
878
1643
1871
1560
800
1544
1118
1795
1050
796
1514
1569
1662
888
1996
28
1949
219
761
1779
995
86
1901
1154
1768
1880
1681
1143
1116
1322
1190
590
1620
1069
828
1983
1527
1974
256
339
1309
770
777
1648
203
1240
650
1301
955
820
1424
760
1394
827
1715
695
576
1813
503
1338
1012
1412
127
547
228
1056
461
1625
1741
1866
1589
520
542
745
1448
1818
853
1479
506
1243
838
1830
789
1998
1253
464
482
1497
1174
991
1844
788
1186
1685
1889
585
1486
1088
665
1888
1829
1071
425
691
1730
1329
1430
273
1913
976
1936
1673
1063
176
495
160
218
379
1547
988
1274
1688
1691
1072
803
1057
1717
1435
1500
954
963
1663
635
1709
1943
2
944
1458
1933
685
1853
1477
1494
226
764
1583
225
1164
1906
209
675
1351
766
1831
311
275
284
61
1158
402
430
1041
237
1796
365
1932
492
285
1417
1279
298
756
1408
326
1074
1805
1109
1422
1839
814
268
369
583
1096
1385
1666
1815
1218
858
251
473
1468
1460
945
440
347
630
1611
1763
1766
713
1997
1520
1293
313
305
1141
73
1474
1546
49
1720
20
1841
507
143
778
1658
130
1989
1272
1182
1960
1757
1739
738
128
1856
679
396
1039
243
1344
1522
330
1519
783
208
93
164
84
531
453
568
1605
1342
1077
375
825
592
748
1310
1821
67
505
27
929
1903
1413
1086
1586
693
1985
1657
170
708
1491
11
624
1399
975
1714
1872
75
1930
1890
1389
639
1449
1414
749
1961
1187
1111
1444
1712
1090
1646
1834
626
10
569
1089
797
1446
1471
1672
1022
267
926
1966
902
211
364
491
299
1501
856
304
1651
297
114
987
873
582
154
1358
998
1955
919
1273
101
80
1642
1286
395
1704
854
1855
723
607
1832
674
229
757
161
1352
623
1156
1549
1800
1713
1660
984
1676
1702
295
1847
325
122
867
476
153
1751
509
1799
1098
914
824
1275
884
1627
1136
1836
1835
1280
614
422
1325
1510
1559
1042
1117
927
1085
484
1375
1018
714
750
903
1759
1239
65
1684
826
1694
367
1679
1251
316
1402
1623
116
1918
1108
1027
1162
1271
1776
1390
270
340
155
358
8
619
1361
1035
1920
1964
1602
1577
956
999
822
1652
1659
1984
1002
1061
1655
596
915
277
1911
871
774
1496
805
1726
603
1921
1215
144
1951
178
490
388
189
45
1184
510
1163
584
1406
1469
1324
1488
979
1016
452
1044
323
1250
676
288
876
1410
1070
744
1213
880
1211
1226
1153
1564
140
1433
700
1189
673
712
1861
1283
1798
615
1705
1404
331
1775
1148
344
1802
887
1166
303
1819
611
1227
125
1401
1003
519
266
1957
1837
1372
785
1317
206
690
1254
1478
59
99
1287
472
1300
480
1644
119
1517
1029
866
1302
240
970
1463
1051
1357
1367
1938
1110
515
1475
124
30
33
191
1298
215
1384
351
680
1929
479
857
94
462
1570
648
544
1526
711
1967
274
1701
97
1686
137
162
1339
629
40
782
222
784
662
1618
659
1081
1259
1115
1305
575
1864
138
82
754
441
1007
1234
1677
1040
724
110
965
52
855
1127
363
1220
977
755
1982
890
414
415
481
474
896
9
1863
41
198
1135
2000
1736
1065
1529
428
163
1722
1053
1268
835
1552
1137
1320
403
1360
642
1489
426
1470
1725
1820
95
1048
1382
1975
1263
512
694
717
1804
1341
537
1755
165
406
655
860
1391
733
1398
1224
1595
32
1922
451
720
85
1060
1076
879
1699
1792
730
250
1202
437
767
936
301
1556
294
1981
1129
98
334
56
147
1236
1119
840
1914
341
1434
943
1255
633
1881
108
1311
1125
1340
869
710
1661
1505
1294
511
1210
1599
1613
1719
1923
1654
533
456
1976
1937
34
139
1682
780
534
1330
1632
1359
980
1480
661
672
689
1650
1429
121
448
361
1972
1
1328
1749
342
1418
1380
1420
1365
105
1146
742
622
450
1231
718
1067
572
46
1246
1907
1221
588
1683
1482
523
224
300
1850
212
1411
1150
12
192
1499
493
1597
644
1199
802
19
1604
1278
1214
1289
146
551
833
620
1170
368
1575
1013
1167
223
1637
1000
1539
324
39
1386
410
859
261
111
1668
1124
1160
1823
1897
380
283
1956
894
1811
1931
1744
613
529
372
1333
332
1870
1971
1588
1965
239
1326
848
1803
1541
839
1281
349
847
752
308
1396
721
348
44
79
102
546
386
765
1904
1313
449
1954
1288
483
1381
906
477
1742
1636
1487
246
1590
1364
1999
1540
353
501
416
1530
1191
1212
1439
992
565
1576
419
1734
698
571
1908
1229
1641
1122
1572
470
29
1531
634
516
1783
374
946
641
1854
31
343
1290
1033
1952
468
889
54
868
865
649
236
1628
1177
1592
786
1347
1711
983
1777
336
1862
681
994
1587
1883
1299
631
1939
908
1095
1292
1563
90
1787
1535
1453
897
530
346
560
1120
17
78
89
872
66
381
210
670
1524
1797
120
1307
952
904
397
177
1607
14
558
525
1718
1142
716
398
113
539
900
1192
967
1761
307
548
646
254
107
1635
382
1738
1721
1558
1512
1629
1021
1633
496
1209
1970
186
543
1097
1087
1748
227
1206
142
772
1428
1678
1567
1917
100
1260
1630
599
1968
1912
1203
77
1667
555
1079
1366
184
129
663
1378
1502
1183
909
1348
1169
917
1205
1979
1987
157
928
81
1092
1579
264
1846
1024
118
1887
158
1610
1781
338
564
272
916
816
753
1393
549
454
807
242
136
1770
1464
1321
1692
581
901
1193
1851
1689
617
527
1082
1327
376
76
1995
1134
1335
1697
123
925
1238
1571
1598
252
201
627
1232
148
385
1157
1498
1121
1991
666
843
1371
1438
55
1877
852
1528
181
26
1885
728
1515
1521
1257
1441
1896
1126
1373
1270
1093
373
1009
1639
1785
504
1172
1296
1336
1188
863
1516
1873
172
722
1023
1786
1331
354
92
935
109
1916
1017
1784
763
24
1680
595
638
1747
87
1619
1506
566
1200
608
1817
1028
37
1159
1223
1031
188
1392
195
1237
899
1695
697
1025
293
1466
42
292
699
1421
1419
282
1337
1332
1788
1026
478
703
1615
407
993
1104
701
1891
443
5
1525
1754
1005
1926
475
702
185
1696
732
287
1915
1948
327
1810
68
322
1011
83
1091
159
739
1940
1194
1437
276
1780
88
746
1986
605
1874
885
1980
942
1219
25
204
1771
922
438
881
1675
628
982
255
834
1606
1454
1895
315
609
1733
50
1197
167
1638
594
657
570
180
762
262
844
559
1826
166
940
1553
545
958
1447
937
1230
1476
1693
333
413
1132
924
1869
1075
1828
245
417
832
151
1356
538
743
387
1778
1833
150
1303
1426
141
1594
22
1843
1295
1037
574
1256
1504
289
931
1133
104
907
35
669
804
1924
471
682
271
38
809
1814
823
602
106
671
707
1409
1942
13
829
751
175
1006
795
1001
436
1840
810
1369
769
1743
930
1318
497
573
409
1473
1621
318
1345
126
668
643
1656
1291
1319
1354
1312
1609
366
1094
725
1080
1004
1481
1123
306
1581
990
350
910
1614
696
1978
1958
1928
1370
360
1578
91
1217
1794
845
521
653
1113
500
1455
1456
434
371
1266
775
1472
51
60
260
1014
1732
280
1944
658
329
1534
790
1099
1083
1735
591
183
932
587
1969
345
1793
660
1106
1485
314
1919
950
526
117
1865
589
875
1145
411
846
132
1175
1128
921
1047
540
688
1537
1849
445
948
182
494
610
677
1868
435
798
135
196
550
1603
898
729
1518
1812
1555
841
851
997
616
1729
1173
966
418
112
1276
1245
836
7
1822
429
1185
1032
578
309
1196
817
1893
1762
959
563
1066
1582
517
1973
1064
457
1690
1950
433
489
200
747
359
460
220
1894
1809
1493
1432
1550
469
1503
604
1165
1262
296
1899
1015
1875
709
467
221
1631
1161
1201
1910
1988
1055
377
156
1790
1049
606
1962
1103
1216
1020
562
886
1034
556
962
213
811
911
1882
1664
1859
1789
731
1508
389
405
891
996
842
152
424
1030
1343
1596
704
737
1179
1131
535
1387
202
1107
947
362
265
1925
290
1758
1538
819
1052
1700
1807
1195
1551
207
1451
912
1248
561
279
23
1036
1769
310
1346
1634
1465
233
1222
1100
1876
586
969
870
498
741
813
420
1773
216
248
1946
874
1355
577
768
71
3
692
1038
4
444
1388
601
1509
485
684
837
1151
1149
257
1825
72
499
62
171
1941
235
234
938
1363
1647
727
394
455
133
47
736
1247
1112
392
849
502
726
1753
892
1155
536
541
1233
705
579
513
1756
458
1765
459
1727
465
1244
1947
187
1993
1566
1612
861
74
1490
1484
593
953
263
370
1816
600
1416
636
1574
1963
771
815
355
335
231
532
524
949
1707
528
557
1445
244
1532
1548
683
1400
567
1101
1653
1934
1622
1462
1774
1737
249
1452
734
400
401
1078
1806
597
1674
801
989
1772
408
812
179
553
799
806
1543
1845
427
190
1542
961
678
1608
1752
1959
1953
1617
356
378
978
312
1624
194
1782
1909
1249
1992
787
1860
522
918
793
972
794
1443
36
1716
1405
1010
1376
1425
412
1265
149
1905
830
1848
169
442
1282
1314
217
1740
1459
1395
1073
1591
1140
1580
319
580
1492
247
1054
652
317
939
58
1533
1316
1152
656
328
1102
1180
808
974
1334
850
1935
1467
291
1241
1461
1808
598
905
1824
1523
1557
508
1368
1349
951
269
1415
1927
1178
1994
1900
168
1898
115
1084
645
1304
399
1457
238
971
193
862
173
1297
1204
1687
1728
941
913
446
145
70
792
1670
1561
1235
1945
1665
214
1568
934
1068
134
1892
1640
1545
259
654
1267
715
632
612
1377
1397
230
337
1562
667
1724
1374
1207
618
1130
1046
199
1791
53
779
882
957
1513
518
1176
1495
1277
1147
174
1669
647
1383
1708
487
1878
664
1565
1407
1403
1019
1842
1008
740
1171
1600
1114
96
286
1436
1767
393
960
447
735
554
404
383
781
1062
1168
758
821
1225
625
895
