943
727
163
598
77
28
299
885
626
594
861
344
890
419
301
431
668
305
777
917
589
988
20
492
926
817
774
321
17
351
983
743
338
62
862
592
375
119
629
123
80
139
240
527
731
376
713
604
90
396
1000
470
737
288
22
545
716
793
785
864
432
684
42
894
192
560
53
998
937
237
65
518
290
676
950
691
760
157
260
678
480
818
624
717
336
801
666
971
896
121
858
539
606
897
721
441
473
115
425
350
611
960
940
925
477
494
909
209
337
501
701
214
600
585
293
876
787
603
658
389
47
868
497
516
407
151
202
71
55
355
102
454
232
739
635
309
934
442
223
840
274
120
746
641
87
228
222
422
412
649
96
448
907
5
263
511
142
387
156
655
303
146
768
384
277
695
150
535
468
339
434
385
734
323
58
980
110
326
847
26
179
73
302
927
776
656
289
430
243
2
621
887
970
596
165
3
70
522
230
496
819
359
845
811
353
259
720
754
637
208
784
571
715
296
242
177
581
530
930
482
191
790
478
989
591
221
340
370
513
10
164
498
972
328
443
488
690
865
625
14
13
855
536
63
830
638
187
452
409
751
287
284
961
46
886
483
693
435
252
558
451
196
599
460
418
857
479
206
714
117
124
841
398
824
429
327
724
553
167
183
664
805
144
895
663
94
106
104
969
772
200
173
732
647
471
415
698
554
153
758
570
159
39
703
286
25
172
974
619
835
433
949
188
308
275
987
316
671
211
131
990
395
627
623
324
35
108
612
279
673
881
205
763
255
962
250
1
300
609
922
307
608
246
622
999
489
833
910
919
174
264
781
298
133
837
548
752
410
898
584
485
341
528
951
149
456
364
597
939
765
829
135
272
995
948
440
670
103
945
965
226
72
680
550
800
50
180
879
381
779
346
499
394
447
29
207
672
973
239
141
966
269
449
371
218
335
439
799
92
568
8
529
755
23
551
137
697
487
797
356
826
484
537
575
891
736
557
582
6
669
644
444
696
61
869
659
955
52
193
404
465
521
607
7
718
532
374
186
76
233
138
747
88
823
59
871
646
83
182
312
343
349
510
827
334
194
636
719
602
361
616
519
986
270
941
280
311
100
231
923
368
251
524
333
37
549
683
953
967
19
588
798
610
490
963
406
702
928
143
254
832
577
725
981
933
462
903
872
825
491
918
459
992
366
265
197
842
748
84
959
500
804
461
363
199
189
229
382
215
245
176
802
555
733
803
541
273
304
347
352
979
508
964
64
958
253
486
227
268
320
653
127
576
689
160
968
128
564
458
580
773
915
306
413
330
101
586
203
882
770
976
175
904
761
650
877
552
134
416
947
69
605
884
377
807
704
405
314
587
563
924
583
502
753
902
212
728
345
674
681
12
601
849
198
126
282
388
457
936
369
874
834
735
235
18
411
195
929
816
618
810
771
579
640
662
427
643
392
796
295
815
148
520
91
291
533
821
854
57
170
116
828
863
778
709
9
730
566
89
450
51
331
417
481
639
241
438
40
769
140
982
757
836
792
538
860
875
935
848
543
129
561
78
870
463
125
86
764
916
912
712
574
906
506
262
813
365
700
631
317
661
348
285
469
408
642
645
633
107
750
27
657
105
942
283
878
852
880
225
994
93
946
908
342
808
766
130
437
507
24
436
991
547
975
38
210
257
634
767
844
505
708
741
952
711
372
360
66
393
397
630
688
297
472
686
996
34
615
559
679
562
920
386
667
152
30
44
56
931
514
68
699
155
517
276
31
362
913
540
168
740
466
256
190
893
652
111
911
944
614
15
401
74
921
628
759
322
705
132
853
526
75
523
888
238
850
722
978
217
122
843
145
675
166
60
820
794
4
118
204
838
249
98
79
590
617
682
236
171
258
400
493
358
267
43
756
889
147
244
883
993
938
332
839
114
391
216
234
82
867
383
509
632
503
846
97
859
613
158
45
390
573
247
292
544
476
424
567
109
512
791
900
542
475
665
33
54
81
426
692
783
648
467
16
162
856
694
593
831
445
677
504
36
762
357
749
213
310
892
809
453
687
812
706
795
985
113
136
723
464
851
595
423
455
181
403
707
956
726
32
99
546
569
660
271
814
224
654
525
185
932
184
780
325
984
48
914
161
710
67
169
41
402
278
354
380
685
318
21
873
788
957
534
744
266
373
651
319
85
367
556
446
495
738
420
379
899
414
742
565
95
154
178
954
786
474
399
977
261
281
745
421
294
201
572
578
515
782
220
901
11
248
49
378
531
329
997
775
313
219
428
806
112
729
620
789
866
315
822
905
